-76.780833 -11.800833    5.00
-76.778333 -11.800833    5.00
-76.777500 -11.801667    5.00
-76.777500 -11.806667    5.00
-76.780000 -11.811667    5.00
-76.782500 -11.844167    5.00
-76.799167 -11.873333    5.00
-76.791667 -11.876667    5.00
-76.760000 -11.877500    5.00
-76.799167 -11.878333    5.00
-76.765000 -11.878333    5.00
-76.801667 -11.879167    5.00
-76.797500 -11.879167    5.00
-76.803333 -11.880000    5.00
-76.801667 -11.880000    5.00
-76.804167 -11.880833    5.00
-76.804167 -11.881667    5.00
-76.772500 -11.883333    5.00
-76.778333 -11.886667    5.00
-76.777500 -11.887500    5.00
-76.775000 -11.887500    5.00
-76.799167 -11.889167    5.00
-76.776667 -11.889167    5.00
-76.767500 -11.893333    5.00
-76.770000 -11.895000    5.00
-76.767500 -11.895000    5.00
-76.770000 -11.895833    5.00
-76.774167 -11.898333    5.00
-76.771667 -11.898333    5.00
-76.775000 -11.899167    5.00
-76.774167 -11.899167    5.00
-76.773333 -11.899167    5.00
-76.771667 -11.899167    5.00
-76.777500 -11.900000    5.00
-76.775833 -11.900000    5.00
-76.775000 -11.900000    5.00
-76.771667 -11.900000    5.00
-76.768333 -11.900000    5.00
-76.765000 -11.900000    5.00
-76.764167 -11.900000    5.00
-76.775833 -11.900833    5.00
-76.775000 -11.900833    5.00
-76.773333 -11.900833    5.00
-76.778333 -11.901667    5.00
-76.776667 -11.901667    5.00
-76.774167 -11.901667    5.00
-76.773333 -11.901667    5.00
-76.772500 -11.901667    5.00
-76.778333 -11.902500    5.00
-76.776667 -11.902500    5.00
-76.775833 -11.902500    5.00
-76.774167 -11.902500    5.00
-76.772500 -11.902500    5.00
-76.764167 -11.902500    5.00
-76.801667 -11.903333    5.00
-76.778333 -11.903333    5.00
-76.776667 -11.903333    5.00
-76.775833 -11.903333    5.00
-76.773333 -11.903333    5.00
-76.772500 -11.903333    5.00
-76.773333 -11.904167    5.00
-76.774167 -11.905000    5.00
-76.772500 -11.905000    5.00
-76.771667 -11.905000    5.00
-76.769167 -11.905000    5.00
-76.762500 -11.905000    5.00
-76.775000 -11.905833    5.00
-76.768333 -11.905833    5.00
-76.765833 -11.905833    5.00
-76.775000 -11.906667    5.00
-76.774167 -11.906667    5.00
-76.770833 -11.906667    5.00
-76.770000 -11.906667    5.00
-76.765833 -11.906667    5.00
-76.774167 -11.907500    5.00
-76.772500 -11.907500    5.00
-76.771667 -11.907500    5.00
-76.769167 -11.907500    5.00
-76.767500 -11.907500    5.00
-76.760000 -11.907500    5.00
-76.771667 -11.908333    5.00
-76.770833 -11.908333    5.00
-76.770000 -11.908333    5.00
-76.769167 -11.908333    5.00
-76.755000 -11.908333    5.00
-76.804167 -11.909167    5.00
-76.768333 -11.909167    5.00
-76.762500 -11.909167    5.00
-76.761667 -11.909167    5.00
-76.759167 -11.909167    5.00
-76.756667 -11.909167    5.00
-76.768333 -11.910000    5.00
-76.764167 -11.910000    5.00
-76.762500 -11.910000    5.00
-76.760833 -11.910000    5.00
-76.762500 -11.910833    5.00
-76.760833 -11.910833    5.00
-76.793333 -11.911667    5.00
-76.776667 -11.911667    5.00
-76.775000 -11.911667    5.00
-76.773333 -11.911667    5.00
-76.770833 -11.911667    5.00
-76.770000 -11.911667    5.00
-76.762500 -11.911667    5.00
-76.755000 -11.911667    5.00
-76.795000 -11.912500    5.00
-76.779167 -11.912500    5.00
-76.771667 -11.912500    5.00
-76.786667 -11.913333    5.00
-76.763333 -11.913333    5.00
-76.761667 -11.913333    5.00
-76.789167 -11.914167    5.00
-76.759167 -11.915000    5.00
-76.758333 -11.915000    5.00
-76.785833 -11.915833    5.00
-76.757500 -11.915833    5.00
-76.783333 -11.916667    5.00
-76.781667 -11.916667    5.00
-76.779167 -11.916667    5.00
-76.757500 -11.916667    5.00
-76.771667 -11.917500    5.00
-76.769167 -11.917500    5.00
-76.767500 -11.917500    5.00
-76.758333 -11.917500    5.00
-76.757500 -11.917500    5.00
-76.755833 -11.917500    5.00
-76.767500 -11.918333    5.00
-76.752500 -11.918333    5.00
-76.785000 -11.919167    5.00
-76.770833 -11.919167    5.00
-76.765833 -11.919167    5.00
-76.765000 -11.919167    5.00
-76.750833 -11.919167    5.00
-76.772500 -11.920000    5.00
-76.770000 -11.920000    5.00
-76.765000 -11.920000    5.00
-76.764167 -11.920000    5.00
-76.755833 -11.920000    5.00
-76.777500 -11.920833    5.00
-76.770000 -11.920833    5.00
-76.766667 -11.920833    5.00
-76.760833 -11.920833    5.00
-76.742500 -11.920833    5.00
-76.739167 -11.920833    5.00
-76.766667 -11.921667    5.00
-76.746667 -11.921667    5.00
-76.775833 -11.922500    5.00
-76.770833 -11.923333    5.00
-76.749167 -11.923333    5.00
-76.748333 -11.923333    5.00
-76.747500 -11.923333    5.00
-76.741667 -11.923333    5.00
-76.740000 -11.923333    5.00
-76.738333 -11.923333    5.00
-76.763333 -11.924167    5.00
-76.748333 -11.924167    5.00
-76.747500 -11.924167    5.00
-76.746667 -11.924167    5.00
-76.741667 -11.924167    5.00
-76.737500 -11.924167    5.00
-76.736667 -11.924167    5.00
-76.735000 -11.924167    5.00
-76.732500 -11.924167    5.00
-76.731667 -11.924167    5.00
-76.767500 -11.925000    5.00
-76.766667 -11.925000    5.00
-76.760833 -11.925000    5.00
-76.747500 -11.925000    5.00
-76.741667 -11.925000    5.00
-76.735000 -11.925000    5.00
-76.731667 -11.925000    5.00
-76.730833 -11.925000    5.00
-76.765000 -11.925833    5.00
-76.750000 -11.925833    5.00
-76.748333 -11.925833    5.00
-76.732500 -11.925833    5.00
-76.730000 -11.925833    5.00
-76.727500 -11.925833    5.00
-76.725833 -11.925833    5.00
-76.767500 -11.926667    5.00
-76.763333 -11.926667    5.00
-76.750000 -11.926667    5.00
-76.749167 -11.926667    5.00
-76.748333 -11.926667    5.00
-76.745000 -11.926667    5.00
-76.744167 -11.926667    5.00
-76.742500 -11.926667    5.00
-76.736667 -11.926667    5.00
-76.732500 -11.926667    5.00
-76.760833 -11.927500    5.00
-76.747500 -11.927500    5.00
-76.746667 -11.927500    5.00
-76.745833 -11.927500    5.00
-76.745000 -11.927500    5.00
-76.744167 -11.927500    5.00
-76.743333 -11.927500    5.00
-76.742500 -11.927500    5.00
-76.740833 -11.927500    5.00
-76.740000 -11.927500    5.00
-76.739167 -11.927500    5.00
-76.735833 -11.927500    5.00
-76.733333 -11.927500    5.00
-76.728333 -11.927500    5.00
-76.725833 -11.927500    5.00
-76.725000 -11.927500    5.00
-76.747500 -11.928333    5.00
-76.745833 -11.928333    5.00
-76.745000 -11.928333    5.00
-76.744167 -11.928333    5.00
-76.740000 -11.928333    5.00
-76.728333 -11.928333    5.00
-76.725000 -11.928333    5.00
-76.749167 -11.929167    5.00
-76.748333 -11.929167    5.00
-76.743333 -11.929167    5.00
-76.724167 -11.929167    5.00
-76.760000 -11.930000    5.00
-76.750000 -11.930000    5.00
-76.728333 -11.930000    5.00
-76.724167 -11.930000    5.00
-76.755833 -11.930833    5.00
-76.751667 -11.930833    5.00
-76.750000 -11.930833    5.00
-76.749167 -11.930833    5.00
-76.745833 -11.930833    5.00
-76.729167 -11.930833    5.00
-76.728333 -11.930833    5.00
-76.724167 -11.930833    5.00
-76.757500 -11.931667    5.00
-76.745833 -11.931667    5.00
-76.745000 -11.931667    5.00
-76.743333 -11.931667    5.00
-76.740000 -11.931667    5.00
-76.724167 -11.931667    5.00
-76.757500 -11.932500    5.00
-76.755833 -11.932500    5.00
-76.755000 -11.932500    5.00
-76.742500 -11.932500    5.00
-76.738333 -11.932500    5.00
-76.735000 -11.932500    5.00
-76.734167 -11.932500    5.00
-76.733333 -11.932500    5.00
-76.730833 -11.932500    5.00
-76.730000 -11.932500    5.00
-76.729167 -11.932500    5.00
-76.751667 -11.933333    5.00
-76.742500 -11.933333    5.00
-76.736667 -11.933333    5.00
-76.732500 -11.933333    5.00
-76.731667 -11.933333    5.00
-76.730833 -11.933333    5.00
-76.726667 -11.933333    5.00
-76.723333 -11.933333    5.00
-76.744167 -11.934167    5.00
-76.741667 -11.934167    5.00
-76.736667 -11.934167    5.00
-76.735833 -11.934167    5.00
-76.729167 -11.934167    5.00
-76.723333 -11.934167    5.00
-76.738333 -11.935000    5.00
-76.730000 -11.935000    5.00
-76.721667 -11.935000    5.00
-76.749167 -11.935833    5.00
-76.740833 -11.935833    5.00
-76.737500 -11.935833    5.00
-76.725000 -11.935833    5.00
-76.723333 -11.935833    5.00
-76.720000 -11.935833    5.00
-76.748333 -11.936667    5.00
-76.739167 -11.936667    5.00
-76.732500 -11.936667    5.00
-76.723333 -11.936667    5.00
-76.736667 -11.937500    5.00
-76.722500 -11.937500    5.00
-76.719167 -11.937500    5.00
-76.731667 -11.938333    5.00
-76.743333 -11.939167    5.00
-76.740833 -11.939167    5.00
-76.739167 -11.939167    5.00
-76.731667 -11.939167    5.00
-76.716667 -11.939167    5.00
-76.744167 -11.940000    5.00
-76.743333 -11.940000    5.00
-76.715000 -11.940000    5.00
-76.722500 -11.940833    5.00
-76.716667 -11.940833    5.00
-76.715833 -11.940833    5.00
-76.740833 -11.941667    5.00
-76.709167 -11.942500    5.00
-76.708333 -11.942500    5.00
-76.707500 -11.942500    5.00
-76.705833 -11.942500    5.00
-76.740833 -11.943333    5.00
-76.739167 -11.943333    5.00
-76.735833 -11.944167    5.00
-76.711667 -11.944167    5.00
-76.707500 -11.944167    5.00
-76.740000 -11.945000    5.00
-76.738333 -11.945000    5.00
-76.730000 -11.945000    5.00
-76.705833 -11.945000    5.00
-76.734167 -11.945833    5.00
-76.716667 -11.946667    5.00
-76.706667 -11.947500    5.00
-76.723333 -11.948333    5.00
-76.722500 -11.950000    5.00
-76.712500 -11.950833    5.00
-76.711667 -11.951667    5.00
-76.719167 -11.952500    5.00
-76.712500 -11.952500    5.00
-76.718333 -11.953333    5.00
-76.711667 -11.953333    5.00
-76.710000 -11.954167    5.00
-76.711667 -11.955833    5.00
-76.730000 -11.956667    5.00
-76.711667 -11.956667    5.00
-76.729167 -11.957500    5.00
-76.728333 -11.957500    5.00
-76.715000 -11.958333    5.00
-76.709167 -11.960833    5.00
-76.708333 -11.960833    5.00
-76.709167 -11.961667    5.00
-76.707500 -11.962500    5.00
-76.706667 -11.962500    5.00
-76.705833 -11.962500    5.00
-76.724167 -11.964167    5.00
-76.710000 -11.964167    5.00
-76.704167 -11.964167    5.00
-76.703333 -11.964167    5.00
-76.702500 -11.965000    5.00
-76.719167 -11.965833    5.00
-76.702500 -11.965833    5.00
-76.701667 -11.965833    5.00
-76.700833 -11.967500    5.00
-76.705833 -11.968333    5.00
-76.715833 -11.969167    5.00
-76.699167 -11.969167    5.00
-76.699167 -11.970000    5.00
-76.705833 -11.970833    5.00
-76.705833 -11.971667    5.00
-76.705833 -11.972500    5.00
-76.699167 -11.972500    5.00
-76.705833 -11.974167    5.00
-76.704167 -11.974167    5.00
-76.710000 -11.975000    5.00
-76.709167 -11.975000    5.00
-76.708333 -11.975000    5.00
-76.704167 -11.975000    5.00
-76.707500 -11.975833    5.00
-76.706667 -11.975833    5.00
-76.704167 -11.975833    5.00
-76.700000 -11.975833    5.00
-76.698333 -11.975833    5.00
-76.708333 -11.976667    5.00
-76.707500 -11.976667    5.00
-76.706667 -11.976667    5.00
-76.700833 -11.976667    5.00
-76.700000 -11.976667    5.00
-76.706667 -11.977500    5.00
-76.698333 -11.977500    5.00
-76.700000 -11.978333    5.00
-76.703333 -11.980000    5.00
-76.701667 -11.980000    5.00
-76.699167 -11.980000    5.00
-76.705000 -11.980833    5.00
-76.699167 -11.980833    5.00
-76.698333 -11.980833    5.00
-76.698333 -11.981667    5.00
-76.700000 -11.982500    5.00
-76.704167 -11.983333    5.00
-76.702500 -11.988333    5.00
-76.707500 -11.992500    5.00
-76.705000 -11.994167    5.00
-76.702500 -11.996667    5.00
-76.698333 -12.002500    5.00
-76.687500 -12.006667    5.00
-76.689167 -12.007500    5.00
-76.688333 -12.007500    5.00
-76.686667 -12.008333    5.00
-76.685000 -12.011667    5.00
-76.685833 -12.012500    5.00
-76.685000 -12.017500    5.00
-76.678333 -12.020833    5.00
-76.677500 -12.020833    5.00
-76.679167 -12.021667    5.00
-76.676667 -12.021667    5.00
-76.676667 -12.024167    5.00
-76.674167 -12.024167    5.00
-76.671667 -12.035000    5.00
-76.670833 -12.038333    5.00
-76.669167 -12.042500    5.00
-76.668333 -12.042500    5.00
-76.666667 -12.045000    5.00
-76.666667 -12.046667    5.00
-76.668333 -12.050833    5.00
-76.668333 -12.051667    5.00
-76.667500 -12.051667    5.00
-76.665833 -12.052500    5.00
-76.667500 -12.055833    5.00
-76.667500 -12.056667    5.00
-76.660000 -12.056667    5.00
-76.659167 -12.056667    5.00
-76.668333 -12.058333    5.00
-76.665833 -12.058333    5.00
-76.662500 -12.059167    5.00
-76.668333 -12.060000    5.00
-76.667500 -12.060000    5.00
-76.656667 -12.060833    5.00
-76.672500 -12.061667    5.00
-76.655833 -12.061667    5.00
-76.672500 -12.062500    5.00
-76.662500 -12.062500    5.00
-76.660000 -12.062500    5.00
-76.659167 -12.062500    5.00
-76.658333 -12.062500    5.00
-76.657500 -12.062500    5.00
-76.655000 -12.062500    5.00
-76.661667 -12.063333    5.00
-76.659167 -12.063333    5.00
-76.660000 -12.064167    5.00
-76.659167 -12.064167    5.00
-76.662500 -12.065000    5.00
-76.660000 -12.065000    5.00
-76.664167 -12.065833    5.00
-76.660833 -12.065833    5.00
-76.663333 -12.066667    5.00
-76.660000 -12.066667    5.00
-76.660833 -12.067500    5.00
-76.660000 -12.067500    5.00
-76.659167 -12.067500    5.00
-76.661667 -12.068333    5.00
-76.660833 -12.068333    5.00
-76.659167 -12.068333    5.00
-76.658333 -12.068333    5.00
-76.665833 -12.069167    5.00
-76.665000 -12.069167    5.00
-76.660833 -12.069167    5.00
-76.660000 -12.069167    5.00
-76.659167 -12.069167    5.00
-76.658333 -12.069167    5.00
-76.657500 -12.069167    5.00
-76.659167 -12.070000    5.00
-76.659167 -12.070833    5.00
-76.663333 -12.071667    5.00
-76.658333 -12.071667    5.00
-76.643333 -12.071667    5.00
-76.642500 -12.071667    5.00
-76.658333 -12.072500    5.00
-76.657500 -12.072500    5.00
-76.655000 -12.072500    5.00
-76.654167 -12.072500    5.00
-76.643333 -12.072500    5.00
-76.657500 -12.073333    5.00
-76.655833 -12.073333    5.00
-76.655000 -12.073333    5.00
-76.640833 -12.073333    5.00
-76.657500 -12.074167    5.00
-76.656667 -12.074167    5.00
-76.655833 -12.074167    5.00
-76.650833 -12.074167    5.00
-76.640000 -12.074167    5.00
-76.654167 -12.075000    5.00
-76.650833 -12.075000    5.00
-76.650000 -12.075000    5.00
-76.647500 -12.075000    5.00
-76.642500 -12.075000    5.00
-76.640000 -12.075000    5.00
-76.655833 -12.075833    5.00
-76.653333 -12.075833    5.00
-76.652500 -12.075833    5.00
-76.650000 -12.075833    5.00
-76.648333 -12.075833    5.00
-76.646667 -12.075833    5.00
-76.645833 -12.075833    5.00
-76.645000 -12.075833    5.00
-76.644167 -12.075833    5.00
-76.640833 -12.075833    5.00
-76.639167 -12.075833    5.00
-76.653333 -12.076667    5.00
-76.652500 -12.076667    5.00
-76.650000 -12.076667    5.00
-76.649167 -12.076667    5.00
-76.647500 -12.076667    5.00
-76.646667 -12.076667    5.00
-76.645000 -12.076667    5.00
-76.644167 -12.076667    5.00
-76.643333 -12.076667    5.00
-76.642500 -12.076667    5.00
-76.641667 -12.076667    5.00
-76.640833 -12.076667    5.00
-76.640000 -12.076667    5.00
-76.639167 -12.076667    5.00
-76.638333 -12.076667    5.00
-76.649167 -12.077500    5.00
-76.647500 -12.077500    5.00
-76.646667 -12.077500    5.00
-76.645833 -12.077500    5.00
-76.645000 -12.077500    5.00
-76.644167 -12.077500    5.00
-76.642500 -12.077500    5.00
-76.638333 -12.077500    5.00
-76.657500 -12.078333    5.00
-76.653333 -12.078333    5.00
-76.651667 -12.078333    5.00
-76.646667 -12.078333    5.00
-76.643333 -12.078333    5.00
-76.641667 -12.078333    5.00
-76.640833 -12.078333    5.00
-76.658333 -12.079167    5.00
-76.651667 -12.079167    5.00
-76.649167 -12.079167    5.00
-76.647500 -12.079167    5.00
-76.641667 -12.079167    5.00
-76.640833 -12.079167    5.00
-76.639167 -12.079167    5.00
-76.637500 -12.079167    5.00
-76.654167 -12.080000    5.00
-76.650833 -12.080000    5.00
-76.650000 -12.080000    5.00
-76.648333 -12.080000    5.00
-76.644167 -12.080000    5.00
-76.643333 -12.080000    5.00
-76.655000 -12.080833    5.00
-76.653333 -12.080833    5.00
-76.649167 -12.080833    5.00
-76.646667 -12.080833    5.00
-76.640833 -12.080833    5.00
-76.638333 -12.080833    5.00
-76.637500 -12.080833    5.00
-76.635000 -12.080833    5.00
-76.655833 -12.081667    5.00
-76.650000 -12.081667    5.00
-76.646667 -12.081667    5.00
-76.645000 -12.081667    5.00
-76.635833 -12.081667    5.00
-76.633333 -12.081667    5.00
-76.630833 -12.081667    5.00
-76.650000 -12.082500    5.00
-76.642500 -12.082500    5.00
-76.636667 -12.082500    5.00
-76.635833 -12.082500    5.00
-76.635000 -12.082500    5.00
-76.632500 -12.082500    5.00
-76.630833 -12.082500    5.00
-76.658333 -12.083333    5.00
-76.656667 -12.083333    5.00
-76.655833 -12.083333    5.00
-76.655000 -12.083333    5.00
-76.632500 -12.083333    5.00
-76.631667 -12.083333    5.00
-76.630833 -12.083333    5.00
-76.655833 -12.084167    5.00
-76.630000 -12.084167    5.00
-76.637500 -12.085000    5.00
-76.636667 -12.085000    5.00
-76.629167 -12.085000    5.00
-76.654167 -12.085833    5.00
-76.652500 -12.085833    5.00
-76.633333 -12.085833    5.00
-76.630833 -12.085833    5.00
-76.630000 -12.085833    5.00
-76.628333 -12.085833    5.00
-76.637500 -12.086667    5.00
-76.632500 -12.086667    5.00
-76.631667 -12.086667    5.00
-76.630833 -12.086667    5.00
-76.629167 -12.086667    5.00
-76.627500 -12.086667    5.00
-76.655000 -12.087500    5.00
-76.645000 -12.087500    5.00
-76.644167 -12.087500    5.00
-76.641667 -12.087500    5.00
-76.635000 -12.087500    5.00
-76.633333 -12.087500    5.00
-76.632500 -12.087500    5.00
-76.645833 -12.088333    5.00
-76.634167 -12.088333    5.00
-76.632500 -12.088333    5.00
-76.626667 -12.088333    5.00
-76.627500 -12.089167    5.00
-76.651667 -12.090000    5.00
-76.647500 -12.090000    5.00
-76.627500 -12.090000    5.00
-76.650833 -12.090833    5.00
-76.637500 -12.090833    5.00
-76.628333 -12.090833    5.00
-76.627500 -12.090833    5.00
-76.626667 -12.090833    5.00
-76.625833 -12.090833    5.00
-76.638333 -12.091667    5.00
-76.632500 -12.091667    5.00
-76.624167 -12.091667    5.00
-76.637500 -12.092500    5.00
-76.633333 -12.092500    5.00
-76.632500 -12.092500    5.00
-76.630000 -12.092500    5.00
-76.629167 -12.092500    5.00
-76.625000 -12.092500    5.00
-76.625000 -12.093333    5.00
-76.624167 -12.093333    5.00
-76.625000 -12.094167    5.00
-76.624167 -12.094167    5.00
-76.645000 -12.095000    5.00
-76.635000 -12.095000    5.00
-76.625000 -12.095000    5.00
-76.658333 -12.095833    5.00
-76.643333 -12.095833    5.00
-76.639167 -12.095833    5.00
-76.632500 -12.095833    5.00
-76.625000 -12.095833    5.00
-76.645000 -12.096667    5.00
-76.625833 -12.097500    5.00
-76.624167 -12.097500    5.00
-76.625833 -12.098333    5.00
-76.625000 -12.098333    5.00
-76.624167 -12.098333    5.00
-76.654167 -12.099167    5.00
-76.640000 -12.099167    5.00
-76.626667 -12.099167    5.00
-76.649167 -12.100000    5.00
-76.642500 -12.100000    5.00
-76.625833 -12.100000    5.00
-76.625000 -12.100000    5.00
-76.648333 -12.100833    5.00
-76.647500 -12.100833    5.00
-76.624167 -12.100833    5.00
-76.646667 -12.101667    5.00
-76.625000 -12.101667    5.00
-76.646667 -12.102500    5.00
-76.625833 -12.102500    5.00
-76.625000 -12.102500    5.00
-76.624167 -12.102500    5.00
-76.645833 -12.103333    5.00
-76.625000 -12.103333    5.00
-76.625833 -12.104167    5.00
-76.625000 -12.104167    5.00
-76.624167 -12.104167    5.00
-76.642500 -12.105000    5.00
-76.632500 -12.105000    5.00
-76.631667 -12.105000    5.00
-76.625833 -12.105000    5.00
-76.625000 -12.105000    5.00
-76.641667 -12.105833    5.00
-76.633333 -12.105833    5.00
-76.625000 -12.105833    5.00
-76.624167 -12.105833    5.00
-76.627500 -12.106667    5.00
-76.625000 -12.106667    5.00
-76.624167 -12.106667    5.00
-76.623333 -12.106667    5.00
-76.628333 -12.107500    5.00
-76.626667 -12.107500    5.00
-76.624167 -12.107500    5.00
-76.623333 -12.107500    5.00
-76.637500 -12.108333    5.00
-76.626667 -12.108333    5.00
-76.625833 -12.108333    5.00
-76.625000 -12.108333    5.00
-76.622500 -12.108333    5.00
-76.626667 -12.109167    5.00
-76.625833 -12.109167    5.00
-76.625000 -12.109167    5.00
-76.624167 -12.109167    5.00
-76.623333 -12.109167    5.00
-76.622500 -12.109167    5.00
-76.634167 -12.110000    5.00
-76.626667 -12.110000    5.00
-76.624167 -12.110833    5.00
-76.628333 -12.111667    5.00
-76.626667 -12.111667    5.00
-76.625000 -12.111667    5.00
-76.623333 -12.111667    5.00
-76.628333 -12.112500    5.00
-76.627500 -12.112500    5.00
-76.625833 -12.112500    5.00
-76.625000 -12.112500    5.00
-76.624167 -12.112500    5.00
-76.628333 -12.113333    5.00
-76.626667 -12.113333    5.00
-76.625833 -12.113333    5.00
-76.624167 -12.113333    5.00
-76.627500 -12.114167    5.00
-76.624167 -12.114167    5.00
-76.629167 -12.115000    5.00
-76.628333 -12.115000    5.00
-76.626667 -12.115000    5.00
-76.625833 -12.115000    5.00
-76.631667 -12.115833    5.00
-76.630833 -12.115833    5.00
-76.629167 -12.115833    5.00
-76.628333 -12.115833    5.00
-76.631667 -12.116667    5.00
-76.630833 -12.116667    5.00
-76.630000 -12.116667    5.00
-76.629167 -12.116667    5.00
-76.631667 -12.117500    5.00
-76.630000 -12.117500    5.00
-76.628333 -12.117500    5.00
-76.631667 -12.118333    5.00
-76.630833 -12.118333    5.00
-76.630000 -12.118333    5.00
-76.629167 -12.118333    5.00
-76.628333 -12.118333    5.00
-76.630833 -12.119167    5.00
-76.630000 -12.120000    5.00
-76.629167 -12.120000    5.00
-76.630000 -12.125000    5.00
-76.625833 -12.127500    5.00
-76.630833 -12.128333    5.00
-76.627500 -12.131667    5.00
-76.628333 -12.132500    5.00
-76.627500 -12.132500    5.00
-76.627500 -12.133333    5.00
-76.626667 -12.133333    5.00
-76.633333 -12.134167    5.00
-76.630000 -12.134167    5.00
-76.629167 -12.134167    5.00
-76.630833 -12.135000    5.00
-76.627500 -12.135000    5.00
-76.625000 -12.135000    5.00
-76.624167 -12.135000    5.00
-76.623333 -12.135000    5.00
-76.625833 -12.135833    5.00
-76.624167 -12.135833    5.00
-76.637500 -12.136667    5.00
-76.634167 -12.136667    5.00
-76.627500 -12.136667    5.00
-76.626667 -12.136667    5.00
-76.623333 -12.136667    5.00
-76.639167 -12.140833    5.00
-76.630833 -12.140833    5.00
-76.627500 -12.141667    5.00
-76.624167 -12.142500    5.00
-76.629167 -12.143333    5.00
-76.624167 -12.144167    5.00
-76.625833 -12.146667    5.00
-76.624167 -12.146667    5.00
-76.616667 -12.147500    5.00
-76.624167 -12.148333    5.00
-76.622500 -12.148333    5.00
-76.611667 -12.148333    5.00
-76.622500 -12.149167    5.00
-76.611667 -12.150000    5.00
-76.620833 -12.151667    5.00
-76.615000 -12.151667    5.00
-76.609167 -12.151667    5.00
-76.623333 -12.152500    5.00
-76.621667 -12.152500    5.00
-76.615000 -12.152500    5.00
-76.608333 -12.152500    5.00
-76.616667 -12.154167    5.00
-76.610000 -12.154167    5.00
-76.610000 -12.155000    5.00
-76.620833 -12.155833    5.00
-76.613333 -12.155833    5.00
-76.609167 -12.155833    5.00
-76.604167 -12.155833    5.00
-76.608333 -12.156667    5.00
-76.602500 -12.156667    5.00
-76.612500 -12.157500    5.00
-76.605833 -12.157500    5.00
-76.605000 -12.157500    5.00
-76.604167 -12.157500    5.00
-76.605000 -12.158333    5.00
-76.604167 -12.158333    5.00
-76.603333 -12.158333    5.00
-76.616667 -12.159167    5.00
-76.602500 -12.159167    5.00
-76.601667 -12.159167    5.00
-76.603333 -12.160000    5.00
-76.602500 -12.160000    5.00
-76.602500 -12.161667    5.00
-76.599167 -12.161667    5.00
-76.598333 -12.161667    5.00
-76.610000 -12.162500    5.00
-76.605000 -12.162500    5.00
-76.610833 -12.163333    5.00
-76.608333 -12.163333    5.00
-76.600833 -12.163333    5.00
-76.605833 -12.164167    5.00
-76.607500 -12.165000    5.00
-76.605833 -12.165000    5.00
-76.601667 -12.165000    5.00
-76.608333 -12.165833    5.00
-76.606667 -12.165833    5.00
-76.604167 -12.165833    5.00
-76.603333 -12.165833    5.00
-76.605000 -12.166667    5.00
-76.603333 -12.166667    5.00
-76.599167 -12.167500    5.00
-76.596667 -12.167500    5.00
-76.601667 -12.168333    5.00
-76.610833 -12.169167    5.00
-76.610833 -12.170000    5.00
-76.605833 -12.170000    5.00
-76.604167 -12.170000    5.00
-76.601667 -12.170000    5.00
-76.607500 -12.170833    5.00
-76.604167 -12.170833    5.00
-76.600833 -12.170833    5.00
-76.600000 -12.170833    5.00
-76.610000 -12.171667    5.00
-76.605000 -12.171667    5.00
-76.603333 -12.171667    5.00
-76.606667 -12.172500    5.00
-76.605000 -12.172500    5.00
-76.603333 -12.172500    5.00
-76.600833 -12.172500    5.00
-76.599167 -12.172500    5.00
-76.602500 -12.173333    5.00
-76.599167 -12.173333    5.00
-76.605000 -12.174167    5.00
-76.604167 -12.174167    5.00
-76.603333 -12.174167    5.00
-76.602500 -12.174167    5.00
-76.605833 -12.175000    5.00
-76.604167 -12.175000    5.00
-76.603333 -12.175000    5.00
-76.602500 -12.175000    5.00
-76.600833 -12.175000    5.00
-76.600000 -12.175000    5.00
-76.599167 -12.175000    5.00
-76.604167 -12.175833    5.00
-76.603333 -12.175833    5.00
-76.602500 -12.175833    5.00
-76.598333 -12.175833    5.00
-76.605833 -12.176667    5.00
-76.605000 -12.176667    5.00
-76.604167 -12.176667    5.00
-76.603333 -12.176667    5.00
-76.602500 -12.176667    5.00
-76.598333 -12.176667    5.00
-76.606667 -12.177500    5.00
-76.604167 -12.177500    5.00
-76.602500 -12.177500    5.00
-76.600000 -12.177500    5.00
-76.599167 -12.177500    5.00
-76.598333 -12.177500    5.00
-76.602500 -12.178333    5.00
-76.597500 -12.178333    5.00
-76.595000 -12.178333    5.00
-76.600000 -12.179167    5.00
-76.598333 -12.179167    5.00
-76.596667 -12.179167    5.00
-76.594167 -12.179167    5.00
-76.593333 -12.179167    5.00
-76.591667 -12.179167    5.00
-76.590833 -12.179167    5.00
-76.589167 -12.179167    5.00
-76.600000 -12.180000    5.00
-76.591667 -12.180000    5.00
-76.591667 -12.180833    5.00
-76.590833 -12.180833    5.00
-76.593333 -12.181667    5.00
-76.590000 -12.181667    5.00
-76.595833 -12.182500    5.00
-76.593333 -12.182500    5.00
-76.592500 -12.182500    5.00
-76.590000 -12.182500    5.00
-76.589167 -12.182500    5.00
-76.588333 -12.182500    5.00
-76.593333 -12.183333    5.00
-76.590833 -12.183333    5.00
-76.586667 -12.183333    5.00
-76.585833 -12.183333    5.00
-76.585000 -12.183333    5.00
-76.591667 -12.184167    5.00
-76.589167 -12.184167    5.00
-76.586667 -12.184167    5.00
-76.584167 -12.184167    5.00
-76.589167 -12.185000    5.00
-76.588333 -12.185000    5.00
-76.590000 -12.185833    5.00
-76.585000 -12.185833    5.00
-76.583333 -12.185833    5.00
-76.586667 -12.186667    5.00
-76.585000 -12.186667    5.00
-76.585000 -12.187500    5.00
-76.581667 -12.187500    5.00
-76.580833 -12.187500    5.00
-76.580000 -12.187500    5.00
-76.585000 -12.188333    5.00
-76.583333 -12.188333    5.00
-76.580833 -12.188333    5.00
-76.580000 -12.188333    5.00
-76.583333 -12.189167    5.00
-76.581667 -12.189167    5.00
-76.580833 -12.189167    5.00
-76.580000 -12.189167    5.00
-76.579167 -12.189167    5.00
-76.583333 -12.190000    5.00
-76.582500 -12.190000    5.00
-76.581667 -12.190000    5.00
-76.580833 -12.190000    5.00
-76.580000 -12.190000    5.00
-76.579167 -12.190000    5.00
-76.582500 -12.190833    5.00
-76.578333 -12.191667    5.00
-76.617500 -12.192500    5.00
-76.579167 -12.192500    5.00
-76.580000 -12.193333    5.00
-76.578333 -12.193333    5.00
-76.577500 -12.193333    5.00
-76.576667 -12.193333    5.00
-76.620833 -12.194167    5.00
-76.578333 -12.194167    5.00
-76.576667 -12.194167    5.00
-76.575833 -12.196667    5.00
-76.575000 -12.196667    5.00
-76.574167 -12.196667    5.00
-76.573333 -12.197500    5.00
-76.572500 -12.197500    5.00
-76.572500 -12.198333    5.00
-76.569167 -12.200833    5.00
-76.565833 -12.203333    5.00
-76.565833 -12.204167    5.00
-76.565000 -12.204167    5.00
-76.562500 -12.205833    5.00
-76.562500 -12.206667    5.00
-76.560000 -12.210833    5.00
-76.550000 -12.220000    5.00
-76.549167 -12.220000    5.00
-76.557500 -12.221667    5.00
-76.549167 -12.223333    5.00
-76.548333 -12.223333    5.00
-76.546667 -12.224167    5.00
-76.550000 -12.225000    5.00
-76.545000 -12.225000    5.00
-76.540833 -12.227500    5.00
-76.545000 -12.228333    5.00
-76.538333 -12.230000    5.00
-76.533333 -12.233333    5.00
-76.533333 -12.235833    5.00
-76.533333 -12.236667    5.00
-76.530000 -12.236667    5.00
-76.529167 -12.236667    5.00
-76.527500 -12.241667    5.00
-76.525833 -12.243333    5.00
-76.523333 -12.243333    5.00
-76.523333 -12.244167    5.00
-76.521667 -12.245833    5.00
-76.520833 -12.246667    5.00
-76.520833 -12.247500    5.00
-76.518333 -12.253333    5.00
-76.518333 -12.254167    5.00
-76.517500 -12.255833    5.00
-76.518333 -12.270833    5.00
-76.518333 -12.271667    5.00
-76.517500 -12.273333    5.00
-76.515000 -12.284167    5.00
-76.516667 -12.286667    5.00
-76.513333 -12.293333    5.00
-76.512500 -12.296667    5.00
-76.511667 -12.305833    5.00
-76.510000 -12.310000    5.00
-76.507500 -12.317500    5.00
-76.506667 -12.336667    5.00
-76.507500 -12.341667    5.00
-76.505833 -12.342500    5.00
-76.514167 -12.353333    5.00
-76.515833 -12.355000    5.00
-76.513333 -12.355833    5.00
-76.511667 -12.361667    5.00
-76.510833 -12.361667    5.00
-76.511667 -12.363333    5.00
-76.506667 -12.370833    5.00
-76.505833 -12.372500    5.00
-76.506667 -12.373333    5.00
-76.503333 -12.377500    5.00
-76.502500 -12.377500    5.00
-76.505000 -12.381667    5.00
-76.504167 -12.381667    5.00
-76.503333 -12.381667    5.00
-76.500000 -12.381667    5.00
-76.503333 -12.382500    5.00
-76.502500 -12.382500    5.00
-76.503333 -12.383333    5.00
-76.502500 -12.384167    5.00
-76.500000 -12.384167    5.00
-76.500000 -12.385000    5.00
-76.500000 -12.385833    5.00
-76.500000 -12.386667    5.00
-76.500833 -12.387500    5.00
-76.500000 -12.387500    5.00
